<?xml version="1.0" encoding="UTF-8" standalone="no"?>
<svg
   version="1.0"
   width="126.61854"
   height="114.86099"
   viewBox="0 0 94.963912 86.145743"
   preserveAspectRatio="xMidYMid"
   id="svg5"
   sodipodi:docname="scenario2.svg"
   inkscape:version="1.3 (0e150ed6c4, 2023-07-21)"
   xml:space="preserve"
   xmlns:inkscape="http://www.inkscape.org/namespaces/inkscape"
   xmlns:sodipodi="http://sodipodi.sourceforge.net/DTD/sodipodi-0.dtd"
   xmlns="http://www.w3.org/2000/svg"
   xmlns:svg="http://www.w3.org/2000/svg"><defs
     id="defs5" /><sodipodi:namedview
     id="namedview5"
     pagecolor="#ffffff"
     bordercolor="#000000"
     borderopacity="0.25"
     inkscape:showpageshadow="2"
     inkscape:pageopacity="0.0"
     inkscape:pagecheckerboard="0"
     inkscape:deskcolor="#d1d1d1"
     inkscape:document-units="pt"
     showgrid="false"
     inkscape:zoom="4.5716129"
     inkscape:cx="102.80835"
     inkscape:cy="38.170336"
     inkscape:window-width="1920"
     inkscape:window-height="1017"
     inkscape:window-x="2552"
     inkscape:window-y="-8"
     inkscape:window-maximized="1"
     inkscape:current-layer="g5" /><metadata
     id="metadata1">&#10;Created by potrace 1.16, written by Peter Selinger 2001-2019&#10;</metadata><g
     transform="matrix(0.00519598,0,0,0.00519598,-11.945347,-14.087497)"
     fill="#000000"
     stroke="none"
     id="g5"><path
       id="path16"
       style="fill:none;stroke:#000000;stroke-width:23.7101"
       d="m 11684.744,7354.3649 c -160.101,75.53 -311.032,77.701 -452.836,6.86 13.085,-104.799 87.812,-160.286 192.112,-192.112 140.597,40.275 210.962,108.643 260.724,185.252 z m 1207.562,-2181.844 c -1006.043,644.603 -1969.361,573.593 -2902.2639,-6.861 m -1803.129,3768.072 a 387.65456,408.23798 0 0 1 387.654,-408.238 387.65456,408.23798 0 0 1 387.655,408.238 387.65456,408.23798 0 0 1 -387.655,408.238 387.65456,408.23798 0 0 1 -387.654,-408.238 z m 5748.2869,15.848 a 387.65456,408.23798 0 0 1 387.653,-408.238 387.65456,408.23798 0 0 1 387.655,408.238 387.65456,408.23798 0 0 1 -387.655,408.238 387.65456,408.23798 0 0 1 -387.653,-408.238 z m -6943.4779,-4744.48 c 1745.507,717.206 727.792,3727.467 -905.671,2936.569 m 10806.3009,34.306 c -1886.6,643.428 -2590.703,-2503.442 -857.643,-2977.737 M 4624.6281,18078.331 c -977.408,-814.46 -788.967,-1741.021 -871.366,-2641.54 m 15238.5999,-240.14 c -17.597,817.052 112.753,1539.669 -727.281,2881.68 M 16748.269,8129.6729 c -393.813,1179.407 -22.913,2701.3681 -795.894,3869.6851 1167.25,579.491 4525.834,3849.108 4610.689,7272.812 -1214.777,-534.289 -3600.627,-769.423 -6339.696,-6257.363 -1901.575,803.741 -3770.288,851.684 -5598.6939,-27.444 -1381.429,3489.025 -3886.665,5488.309 -6312.251,6202.473 331.872,-3483.8 4013.19,-6959.973 4720.466,-7300.256 -1078.751,-1216.409 -618.168,-2508.0421 -905.67,-3732.4621 -1025.447,-4367.172 1867.909,-5430.954 5104.6889,-5434.026 3608.631,-3.424 6893.811,1281.331 5516.361,5406.581 z m -9356.3979,384.09 a 951.91911,1150.8921 0 0 1 951.919,-1150.892 951.91911,1150.8921 0 0 1 951.919,1150.892 951.91911,1150.8921 0 0 1 -951.919,1150.893 951.91911,1150.8921 0 0 1 -951.919,-1150.893 z m 6256.9409,13.857 a 951.91911,1150.8921 0 0 1 951.919,-1150.892 951.91911,1150.8921 0 0 1 951.919,1150.892 951.91911,1150.8921 0 0 1 -951.919,1150.892 951.91911,1150.8921 0 0 1 -951.919,-1150.892 z m -509.505,-2229.872 c -503.574,-3492.643 -2601.392,-4138.653 -3423.7109,-75.472 m 3773.6279,384.224 c -499.503,-519.519 -1112.653,-693.158 -2030.898,61.75 -676.127,-397.624 -1342.058,-935.965 -2106.3709,-116.639" /></g></svg>
