<?xml version="1.0" encoding="UTF-8" standalone="no"?>
<svg
   version="1.0"
   width="94.644958pt"
   height="84.656998pt"
   viewBox="0 0 94.644958 84.656998"
   preserveAspectRatio="xMidYMid"
   id="svg3"
   sodipodi:docname="scenario3.svg"
   inkscape:version="1.3 (0e150ed6c4, 2023-07-21)"
   xmlns:inkscape="http://www.inkscape.org/namespaces/inkscape"
   xmlns:sodipodi="http://sodipodi.sourceforge.net/DTD/sodipodi-0.dtd"
   xmlns="http://www.w3.org/2000/svg"
   xmlns:svg="http://www.w3.org/2000/svg">
  <defs
     id="defs3" />
  <sodipodi:namedview
     id="namedview3"
     pagecolor="#ffffff"
     bordercolor="#000000"
     borderopacity="0.25"
     inkscape:showpageshadow="2"
     inkscape:pageopacity="0.0"
     inkscape:pagecheckerboard="0"
     inkscape:deskcolor="#d1d1d1"
     inkscape:document-units="pt"
     inkscape:zoom="2.8485268"
     inkscape:cx="116.55147"
     inkscape:cy="-0.17552933"
     inkscape:window-width="1920"
     inkscape:window-height="1017"
     inkscape:window-x="2552"
     inkscape:window-y="-8"
     inkscape:window-maximized="1"
     inkscape:current-layer="g3" />
  <g
     transform="matrix(0.1,0,0,-0.1,-81.819962,1682.6558)"
     fill="#000000"
     stroke="none"
     id="g3">
    <text
       xml:space="preserve"
       style="font-size:900px;font-family:PaladinFLF;-inkscape-font-specification:PaladinFLF;text-align:center;text-anchor:middle;fill:none;stroke:#ff0000;stroke-width:5.66929"
       x="2116.8838"
       y="-10628.507"
       id="text28"
       transform="scale(1,-1)"><tspan
         sodipodi:role="line"
         id="tspan28"
         style="stroke-width:5.66929"
         x="2116.8838"
         y="-10628.507" /></text>
    <path
       id="text30"
       style="font-size:812.491px;font-family:PaladinFLF;-inkscape-font-specification:PaladinFLF;text-align:center;text-anchor:middle;fill:none;stroke:#ff0000;stroke-width:5.11805"
       d="m 1446.2979,16641.629 315.792,98.388 v -439.571 q 0,-49.194 -12.695,-74.187 -12.298,-24.994 -42.449,-41.26 -29.755,-16.265 -67.444,-16.265 -43.242,0 -69.03,24.597 -25.787,24.993 -25.787,64.269 0,39.672 30.548,68.237 30.548,28.96 78.948,28.96 15.869,0 27.771,-2.777 12.298,-2.777 39.672,-14.282 v 287.229 l -236.05,-73.394 v -331.662 q 0,-48.003 -12.696,-74.981 -12.695,-26.58 -43.639,-42.449 -30.945,-15.869 -67.443,-15.869 -43.243,0 -68.634,24.597 -24.993,24.2 -24.993,63.476 0,41.656 30.151,69.823 30.151,28.564 78.948,28.564 30.944,0 69.03,-18.249 z m -422.417,-79.864 22.614,-112.273 q 3.57,0.397 7.141,0.397 3.57,0 6.744,0 30.945,0 57.128,-12.299 26.184,-11.902 45.227,-32.135 19.043,-19.836 29.357,-46.02 10.712,-25.787 10.712,-53.557 0,-22.614 -7.141,-43.64 -6.744,-20.63 -20.233,-38.085 -13.092,-17.06 -32.135,-30.152 -19.042,-12.695 -43.243,-19.042 l 13.489,-70.22 q 0.794,-5.555 1.19,-10.315 0.794,-5.158 0.794,-10.712 0,-20.629 -7.538,-38.879 -7.141,-18.249 -20.233,-32.134 -12.695,-13.886 -29.754,-21.82 -17.059,-8.331 -36.499,-8.331 -17.852,0 -34.912,5.554 -17.059,5.157 -30.547,15.075 -13.092,9.522 -21.423,23.804 -7.935,14.282 -7.935,32.134 0,17.059 9.521,30.548 9.919,13.092 32.135,16.266 1.984,0.396 3.967,0.793 2.381,0 4.364,0 11.109,0 20.233,-4.364 9.125,-4.76 15.472,-12.298 6.745,-7.538 9.919,-16.663 3.57,-9.521 3.57,-19.439 0,-13.092 -6.744,-25.39 -6.745,-12.299 -21.423,-19.043 5.554,-1.984 10.711,-2.381 5.158,-0.793 10.712,-0.793 15.075,0 26.977,6.348 12.298,5.95 20.63,16.265 8.331,10.315 12.695,24.597 4.761,13.885 4.761,30.151 0,4.761 -1.191,13.092 -0.793,8.331 -1.587,13.092 l -11.505,59.509 q -10.711,-2.777 -28.167,-2.777 -39.276,0 -77.758,8.331 -38.085,8.331 -69.03,28.564 -30.548,20.233 -50.781,53.558 -20.232,33.721 -23.01,84.105 -0.396,3.967 -0.396,7.935 0,3.967 0,7.934 0,37.292 10.315,72.997 10.314,36.102 32.928,67.047 26.183,34.118 56.731,58.318 30.548,24.2 67.84,44.037 -5.951,30.151 -10.315,51.97 -3.967,21.82 -6.744,36.896 -2.777,15.472 -4.364,25.39 -1.587,9.918 -2.777,16.266 -0.794,6.347 -1.19,10.315 0,3.967 0,7.537 0,15.076 4.364,28.565 4.364,13.885 12.695,24.2 8.331,10.711 20.233,17.059 12.298,6.347 27.77,6.347 19.043,0 33.722,-9.124 14.679,-8.728 24.2,-22.614 9.918,-13.885 14.679,-30.944 5.157,-17.059 5.157,-33.325 0,-23.407 -7.537,-46.417 -7.141,-23.01 -19.043,-44.433 -11.505,-21.423 -26.184,-40.862 -14.679,-19.043 -29.358,-34.515 z m 10.712,201.139 q -12.695,0 -20.233,-5.554 -7.141,-5.158 -11.108,-12.299 -3.571,-7.141 -4.761,-14.678 -0.793,-7.142 -0.793,-11.109 0,-28.961 5.554,-54.351 5.554,-25.39 9.918,-49.59 15.075,8.727 26.184,20.232 11.505,11.902 19.042,24.994 7.538,13.092 11.109,26.581 3.967,13.488 3.967,25.39 0,8.728 -1.984,17.853 -1.587,9.124 -5.951,16.265 -4.363,7.141 -11.901,11.505 -7.538,4.761 -19.043,4.761 z m 30.151,-567.316 -34.118,181.7 q -15.076,-3.57 -26.581,-12.298 -11.108,-8.332 -18.646,-20.233 -7.538,-11.505 -11.505,-25.391 -3.57,-13.488 -3.57,-27.374 0,-5.157 0.396,-10.314 0.794,-5.158 1.587,-9.919 -18.646,8.728 -28.167,24.597 -9.521,15.869 -9.521,35.309 0,19.439 6.744,36.895 6.744,17.456 18.249,31.738 11.902,14.282 26.977,24.994 15.473,10.711 32.532,17.059 -4.364,23.01 -8.331,42.846 l -10.315,52.764 q -27.771,-26.183 -55.145,-52.367 -27.374,-25.787 -52.764,-55.542 -8.331,-9.918 -16.266,-20.629 -7.934,-10.712 -13.885,-22.614 -5.951,-11.505 -9.522,-24.2 -3.57,-12.298 -3.57,-25.787 0.397,-27.771 8.728,-49.194 8.728,-21.026 23.01,-37.292 14.282,-15.869 32.928,-26.977 19.043,-10.711 39.672,-17.456 20.63,-6.744 41.656,-9.918 21.423,-2.777 40.466,-2.777 14.679,0 28.961,2.38 z m -5.554,184.477 34.912,-176.542 q 17.852,4.761 31.341,14.679 13.488,10.314 22.216,23.406 9.125,13.092 13.489,27.771 4.364,15.076 4.364,29.754 0,23.01 -9.521,38.483 -9.125,15.472 -24.201,24.993 -15.075,9.522 -34.118,13.489 -19.043,3.967 -38.482,3.967 z" />
  </g>
</svg>
